137
129
958
725
926
177
855
422
803
626
248
717
450
895
178
971
424
923
530
384
422
24
370
400
324
984
654
302
345
640
184
722
805
860
100
971
141
159
125
273
394
826
709
784
428
198
286
969
221
598
120
358
645
943
543
132
159
537
234
702
51
175
639
330
261
533
735
500
926
191
346
173
657
3
280
393
373
386
791
143
422
237
755
127
410
913
176
611
509
86
927
851
891
971
583
112
985
156
188
332
487
326
744
933
556
134
206
786
235
685
957
965
255
862
827
25
779
637
542
434
495
112
344
564
201
598
417
19
822
441
758
352
681
840
898
144
105
134
675
57
973
598
985
628
37
648
405
332
938
319
320
71
944
936
48
95
568
441
810
586
396
8
156
45
685
734
775
167
199
822
39
111
290
639
463
140
802
604
975
769
896
375
247
860
52
561
775
943
657
814
411
317
516
63
510
386
902
313
859
576