65
970
230
809
516
57
334
415
674
332
109
286
370
757
595
147
108
23
478
517
334
173
948
727
23
846
270
167
55
858
324
573
150
981
586
887
32
398
777
74
516
756
129
198
256
725
565
167
717
394
92
29
844
591
358
468
259
994
872
588
474
183
107
46
842
390
101
887
870
841
467
149
21
476
80
424
159
275
175
461
970
160
788
58
479
498
369
28
487
50
270
383
366
780
373
705
330
142
949
349
473
159
872
878
201
906
70
486
632
608
122
720
227
686
173
959
638
646
664
645
718
483
852
392
311
457
352
22
934
283
802
553
276
236
751
343
528
328
969
558
163
328
771
726
977
875
265
686
590
975
620
637
39
115
937
272
277
763
789
646
213
493
647
504
937
687
781
666
583
158
825
212
659
257
436
196
140
248
339
230
361
544
935
638
627
289
867
272
103
584
180
703
449
771
118
396
934
16
548
993
