0.14285714285714285
0.25
0.25
0.0
0.08333333333333333
0.25
0.0
0.0
0.25
0.0
0.2
0.16666666666666666
0.36363636363636365
0.1
0.3076923076923077
0.14285714285714285
0.0
0.0
0.0
0.0
0.0
0.15384615384615385
0.5
0.5
0.2857142857142857
0.25
0.4
0.0
0.09090909090909091
0.0
0.1111111111111111
0.2
0.0
0.15384615384615385
0.5714285714285714
0.14285714285714285
0.0
0.36363636363636365
0.16666666666666666
0.3333333333333333
0.0
0.0
0.125
0.0
0.0
0.2
0.25
0.2857142857142857
0.125
0.09090909090909091
0.375
0.0
0.2
0.375
0.5
0.14285714285714285
0.3
0.0
0.0
0.25
0.0
0.3
0.0
0.3333333333333333
0.2
0.2
0.0
0.07692307692307693
0.09090909090909091
0.0
0.4
0.3333333333333333
0.14285714285714285
0.0
0.125
0.25
0.125
0.14285714285714285
0.125
0.1
0.0
0.0
0.0
0.2
0.0
0.08333333333333333
0.3
0.0
0.0
0.375
0.2727272727272727
0.0
0.0
0.0
0.5
0.07142857142857142
0.0
0.5714285714285714
0.1111111111111111
0.2
0.18181818181818182
0.14285714285714285
0.2727272727272727
0.0
0.4
0.08333333333333333
0.1
0.2727272727272727
0.2857142857142857
0.2
0.2
0.16666666666666666
0.6
0.16666666666666666
0.0
0.5
0.375
0.2222222222222222
0.16666666666666666
0.0
0.25
0.0
0.25
0.0
0.0
0.0
0.14285714285714285
0.125
0.0
0.0
0.0
0.2857142857142857
0.125
0.0
0.0
0.0
0.0
0.0
0.23076923076923078
0.25
0.16666666666666666
0.09090909090909091
0.0
0.2
0.6666666666666666
0.0
0.2
0.2857142857142857
0.16666666666666666
0.25
0.2727272727272727
0.0
0.3333333333333333
0.16666666666666666
0.125
0.0
0.1111111111111111
0.0
0.2222222222222222
0.7142857142857143
0.09090909090909091
0.3333333333333333
0.36363636363636365
0.0
0.4
0.13333333333333333
0.3333333333333333
0.5
0.25
0.14285714285714285
0.36363636363636365
0.1
0.1111111111111111
0.0
0.2857142857142857
0.2222222222222222
0.1111111111111111
0.16666666666666666
0.08333333333333333
0.0
0.42857142857142855
0.125
0.07692307692307693
0.15384615384615385
0.0
0.0
0.14285714285714285
0.0
0.14285714285714285
0.14285714285714285
0.42857142857142855
0.0
0.0
0.0
0.14285714285714285
0.2857142857142857
0.21428571428571427
0.2222222222222222
0.16666666666666666
0.0
