49
795
231
967
748
58
334
934
337
332
109
286
370
757
595
147
1
21
478
517
334
173
948
727
23
846
270
166
55
448
324
573
360
421
586
887
26
398
597
78
431
756
129
198
256
846
565
166
664
389
92
29
844
591
333
468
259
994
840
588
735
221
107
46
981
390
101
887
870
841
88
149
21
476
80
424
168
275
184
461
970
160
467
30
511
498
378
77
487
50
222
383
366
484
373
705
331
142
949
349
473
159
872
878
202
824
70
486
632
655
122
951
227
447
173
959
733
506
480
645
716
483
852
397
989
457
352
21
934
283
802
713
276
236
751
280
619
328
969
212
163
328
771
726
977
787
221
745
590
977
526
637
39
115
46
274
277
763
789
646
191
894
647
504
937
687
781
666
583
158
825
212
659
257
436
199
140
250
339
230
247
567
935
445
407
289
867
272
103
584
243
448
975
771
118
396
922
16
548
993
704
452
233
416
481
376
82
606
922
431
284
889
475
701
475
984
16
77
610
245
636
662
589
207
25
427
215
537
305
741
125
913
289
425
973
115
167
121
562
422
649
993
678
862
311
349
13
179
522
894
989
455
463
660
801
533
761
27
644
208
502
1
246
694
695
798
809
652
257
972
821
421
223
627
918
27
443
92
202
897
612
610
283
881
457
470
426
554
403
531
697
958
48
866
738
718
649
64
69
176
116
469
290
991
591
346
1
607
934
473
966
2
979
654
743
390
642
24
102
949
508
361
280
65
777
359
234
21
7
525
894
938
254
840
707
463
61
887
477
380
982
305
355
503
818
453
472
293
816
171
905
475
481
431
260
130
627
978
622
150
300
37
133
519
569
465
592
741
895
91
109
778
694
546
208
488
776
940
199
701
879
649
228
621
703
107
527
420
132
133
185
471
230
974
74
76
852
853
267
419
359
871
510
33
177
935
310
998
270
598
199
998
395
14
97
856
398
319
549
92
765
840
945
160
266
639
846
722
267
674
468
734
748
675
748
196
677
411
16
199
175
898
944
350
557
361
223
594
999
222
902
734
767
746
788
649
153
739
797
915
940
157
943
849
720
100
546
657
420
141
39
993
473
190
888
143
584
341
875
358
388
894
437
998
517
372
349
662
713
915
964
22
529
416
376
978
902
26
398
175
270
335
850
540
607
495
222
973
576
301
166
56
451
448
744
750
278
9
688
359
684
832
39
175
863
711
697
295
983
345
240
498
223
926
830
260
491
896
220
680
48
494
930
820
148
114
99
143
861
796
986
346
367
943
532
625
611
439
812
705
409
466
781
784
617
679
858
970
437
11
625
965
874
928
600
86
133
33
865
509
325
596
834
506
299
900
904
175
898
258
762
295
132
238
833
690
101
898
162
288
537
850
264
273
987
928
611
837
147
290
730
192
156
875
775
998
333
325
804
927
657
777
460
551
301
716
860
102
791
959
404
998
415
455
172
600
517
16
318
632
568
337
212
348
726
941
605
134
677
293
13
498
951
907
104
107
388
260
682
740
362
579
450
628
217
788
512
209
126
663
864
232
776
942
336
733
916
917
78
698
699
746
39
618
330
615
659
62
116
127
955
306
425
190
370
187
971
534
396
657
840
718
116
786
994
419
865
214
285
641
951
648
13
829
884
216
661
521
268
468
563
529
331
449
194
362
955
924
174
461
992
571
260
608
129
486
859
857
21
467
434
924
516
97
398
586
10
202
68
649
127
603
727
101
995
277
923
239
424
489
434
762
451
569
732
514
803
305
551
753
411
315
963
142
389
450
527
716
299
578
112
107
619
867
227
61
427
367
924
413
327
773
654
131
829
282
891
956
186
233
631
226
673
424
907
41
27
982
863
322
934
663
851
687
779
483
645
120
306
930
124
580
524
205
20
849
620
377
586
916
478
182
829
715
810
319
19
162
915
313
341
822
771
699
406
522
233
406
624
679
667
581
665
708
722
539
800
899
669
81
746
866
935
668
342
893
266
628
923
341
209
727
85
876
192
589
77
129
509
14
946
200
181
163
80
940
684
21
197
25
932
339
480
413
883
454
781
287
714
614
540
887
919
508
479
452
155
41
163
509
8
272
913
663
506
23
982
801
595
753
116
186
448
305
311
323
685
927
91
349
757
406
65
76
517
806
330
7
130
58
56
909
78
31
372
225
431
349
201
930
888
96
612
991
745
310
776
298
619
694
406
20
18
371
320
780
5
730
662
384
810
311
883
367
243
627
968
596
544
893
332
594
276
629
917
77
723
556
998
396
723
161
250
1
919
392
264
847
558
495
463
884
335
795
241
842
71
819
254
27
426
870
433
324
136
688
579
562
335
803
863
44
719
82
361
116
348
194
459
593
9
377
25
913
259
104
72
223
268
333
481
53
784
100
623
133
159
439
151
355
392
577
72
383
846
500
84
988
824
293
411
821
780
649
259
344
132
128
262
210
761
445
138
233
376
619
464
504
559
464
761
314
993
17
759
843
893
331
774
432
778
336
468
489
375
253
215
784
377
878
287
631
442
382
816
628
592
105
233
587
724
207
228
8
962
575
988
420
551
990
141
120
222
118
946
640
464
166
256
986
28
283
671
720
411
80
813
29
606
636
156
91
734
569
458
134
230
274
707
73
928
260
978
767
276
864
764
989
958
698
327
82
88
156
99
448
556
492
771
653
484
269
787
827
107
393
101
654
141
715
906
724
772
516
64
850
310
611
392
509
211
361
115
949
188
652
750
259
294
450
511
477
255
814
819
170
654
850
700
769
743
273
24
463
321
480
331
733
556
481
420
253
216
215
157
333
646
152
426
138
993
351
928
265
830
132
989
319
786
816
334
509
444
155
902
332
483
385
566
173
438
443
632
374
548
552
619
509
451
277
715
629
419
694
709
646
168
125
598
974
147
69
819
11
543
629
127
971
348
912
707
871
77
194
614
186
543
89
423
323
764
970
829
645
767
809
210
732
474
915
628
238
643
977
214
844
717
925
57
658
566
634
245
272
934
791
401
729
505
978
451
637
975
847
873
472
977
926
102
810
710
679
355
643
279
92
792
50
510
850
453
870
748
253
749
754
474
655
261
562
506
289
492
522
425
619
97
469
291
346
809
997
211
896
714
126
492
8
401
72
173
347
662
945
38
919
427
927
185
685
122
660
449
452
178
294
128
645
215
404
840
582
204
756
797
916
151
9
471
857
255
882
569
261
923
950
360
180
843
646
675
563
556
216
925
402
452
129
179
536
314
585
778
747
178
500
483
557
711
611
401
571
621
206
379
5
481
627
333
701
644
364
450
979
203
577
795
266
118
705
565
634
641
310
491
590
492
374
986
75
83
14
945
816
863
318
237
429
269
633
849
150
344
858
45
959
884
333
953
86
155
500
960
257
178
178
274
23
552
147
460
566
74
250
399
281
768
296
77
502
721
310
944
377
825
404
949
16
356
860
750
926
345
957
570
843
430
919
871
54
858
657
930
977
657
526
840
471
303
863
122
664
803
926
365
326
80
217
316
398
517
730
580
149
550
267
845
173
956
213
780
492
437
888
185
12
38
587
998
522
921
890
86
193
502
300
741
262
718
307
526
859
49
658
966
176
831
64
660
370
690
42
403
433
313
138
532
588
646
874
884
645
67
328
109
81
193
15
872
492
398
405
786
423
593
865
65
149
889
585
934
894
454
530
943
559
856
72
921
567
799
687
47
257
766
169
982
889
87
448
851
789
791
185
798
133
352
636
783
352
89
960
139
586
52
254
603
533
365
489
211
32
963
551
906
374
816
951
972
913
671
37
219
669
664
481
327
615
71
330
951
810
829
710
641
171
472
92
579
890
812
840
684
235
520
264
527
979
518
840
548
956
221
548
58
161
157
258
547
862
665
251
53
897
350
66
607
265
264
171
209
272
681
313
470
895
323
861
966
12
361
581
698
105
406
968
114
27
403
740
417
100
692
783
115
779
304
528
31
327
896
299
994
124
387
994
397
979
90
877
16
326
734
711
486
643
527
219
816
78
737
255
311
242
172
304
977
185
776
603
779
556
856
399
265
304
166
930
157
438
227
156
588
599
924
470
475
877
763
809
359
785
927
721
812
642
867
406
785
139
779
39
786
771
884
710
894
170
675
748
762
175
21
631
778
25
884
116
66
860
467
965
923
370
171
936
602
781
562
142
605
894
999
490
306
492
550
761
575
595
583
320
910
210
840
171
798
156
954
101
223
272
729
759
819
87
116
236
554
636
661
211
828
516
719
437
100
538
180
697
916
240
312
634
832
309
685
783
61
998
886
111
756
314
350
719
71
286
588
50
127
670
605
843
877
558
478
251
424
232
895
471
848
959
767
8
690
496
577
407
767
647
399
629
13
407
341
801
738
943
320
810
202
922
262
186
191
380
183
502
46
941
106
900
6
868
247
26
47
505
460
46
604
216
730
798
759
953
930
42
928
908
765
862
283
124
181
386
113
575
689
675
230
994
670
726
415
217
727
886
230
541
732
686
63
547
696
844
344
670
506
546
483
733
120
979
73
292
643
483
982
212
930
406
751
583
265
706
893
467
