49,65,68,54,67,
795,970,913,792,672,
231,230,169,160,157,
967,809,968,969,504,
748,857,765,588,520,
58,67,65,60,52,
334,102,48,362,298,
934,852,700,999,434,
337,336,674,298,335,
332,283,153,154,204,
109,973,955,997,5,
286,287,104,290,291,
370,371,380,373,372,
757,654,660,675,407,
595,958,856,866,425,
147,34,33,344,149,
1,29,552,862,749,
21,91,23,22,94,
478,519,553,492,526,
517,600,754,540,755,
334,335,298,102,82,
173,215,188,189,209,
948,945,582,952,954,
727,538,668,900,832,
23,21,93,8,80,
846,526,736,448,492,
270,269,273,296,222,
166,167,238,240,162,
55,64,46,59,60,
448,708,538,519,599,
324,325,326,322,318,
573,408,561,575,751,
360,150,356,336,36,
421,733,602,652,843,
586,847,609,864,408,
887,406,857,501,689,
26,29,307,27,312,
398,401,753,766,771,
597,696,911,492,474,
78,74,73,307,77,
431,529,516,520,443,
756,427,412,463,876,
129,134,130,132,128,
198,196,202,190,212,
256,233,226,197,205,
846,423,619,505,528,
565,867,675,569,858,
166,167,162,161,247,
664,851,468,916,782,
389,467,568,824,391,
92,319,94,91,141,
29,1,38,26,329,
844,528,804,761,771,
591,496,721,868,411,
333,359,356,358,106,
468,779,627,436,864,
259,154,261,260,152,
994,27,992,947,997,
840,576,462,523,884,
588,626,711,844,629,
735,474,911,824,841,
221,233,267,206,197,
107,5,112,6,110,
46,40,26,38,27,
981,752,781,842,805,
390,392,973,397,65,
101,386,385,346,343,
887,591,532,884,868,
870,697,641,615,843,
841,474,824,903,735,
88,803,693,412,840,
149,3,2,4,150,
21,89,23,22,127,
476,865,509,800,843,
80,83,86,81,82,
424,860,415,509,762,
168,159,211,167,173,
275,246,172,274,276,
184,175,170,207,185,
461,524,469,725,666,
970,979,672,975,972,
160,256,226,220,221,
467,788,415,509,582,
30,58,25,32,35,
511,817,436,751,479,
498,762,663,698,832,
378,381,366,380,382,
77,32,26,28,58,
487,761,754,673,662,
50,44,49,41,46,
222,355,270,354,568,
383,384,374,299,368,
366,379,367,373,371,
484,780,724,914,871,
373,376,371,374,380,
705,829,547,565,888,
331,330,335,104,332,
142,141,140,307,133,
949,956,989,957,990,
349,348,350,342,336,
473,861,700,589,999,
159,246,168,163,211,
872,456,764,413,494,
878,810,916,401,921,
202,201,191,184,187,
824,697,614,578,470,
70,78,79,815,73,
486,889,546,402,611,
632,482,848,754,481,
655,522,774,775,491,
122,929,124,934,121,
951,940,907,955,954,
227,236,158,237,173,
447,535,758,740,691,
173,162,161,263,253,
959,923,809,828,566,
733,523,638,459,445,
506,545,798,646,577,
480,571,886,799,743,
645,832,417,701,971,
716,912,425,437,449,
483,698,663,437,497,
852,714,767,584,752,
397,115,390,973,392,
989,311,318,308,321,
457,834,650,818,523,
352,353,351,343,291,
21,23,24,22,82,
934,924,965,933,923,
283,281,282,260,287,
802,803,537,672,795,
713,742,534,553,526,
276,294,293,275,272,
236,165,234,237,238,
751,407,864,468,871,
280,298,335,278,277,
619,892,846,679,772,
328,108,973,115,116,
969,967,441,968,504,
212,216,218,215,161,
163,611,700,243,161,
328,973,396,108,115,
771,778,478,844,664,
726,634,666,583,471,
977,978,976,975,34,
787,971,875,513,475,
221,267,266,265,183,
745,686,786,866,441,
590,782,487,754,485,
977,978,112,976,445,
526,620,681,617,624,
637,844,412,710,695,
39,46,41,42,43,
115,110,390,397,396,
46,40,31,937,32,
274,273,272,277,271,
277,278,280,274,272,
763,597,764,413,777,
789,532,846,736,765,
646,858,506,958,698,
191,165,244,234,163,
894,799,648,789,896,
647,438,441,899,828,
504,441,440,470,968,
937,938,973,991,108,
687,497,421,884,905,
781,498,398,800,401,
666,659,463,968,809,
583,634,561,856,799,
158,151,237,265,266,
825,649,458,835,840,
212,177,170,210,164,
659,809,968,666,618,
257,222,258,229,228,
436,407,555,864,803,
199,192,193,196,252,
140,142,10,139,141,
250,248,249,174,537,
339,354,355,345,603,
230,232,231,229,256,
247,230,218,169,217,
567,909,544,926,910,
935,961,928,927,659,
445,716,639,638,843,
407,654,656,627,830,
289,285,290,288,287,
867,565,569,864,705,
272,276,280,274,278,
103,391,58,344,50,
584,893,748,772,600,
243,180,179,242,245,
448,596,703,677,114,
975,536,449,978,460,
771,507,664,550,707,
118,119,121,120,125,
396,115,973,108,328,
922,923,966,925,924,
16,86,82,85,21,
548,598,851,556,827,
993,991,996,8,947,
704,634,412,787,463,
452,667,411,313,434,
233,183,189,221,267,
416,615,543,702,747,
481,710,528,848,482,
376,371,382,380,381,
82,85,86,81,83,
606,662,761,859,882,
922,478,918,549,921,
431,529,516,520,843,
284,285,287,876,457,
889,740,882,486,763,
475,836,837,859,801,
701,625,879,978,862,
475,818,633,619,908,
984,425,958,483,825,
16,94,15,17,20,
77,73,74,70,76,
610,841,496,678,443,
245,254,243,242,179,
636,748,893,443,414,
662,844,811,761,606,
589,473,512,650,587,
207,213,205,211,852,
25,26,28,32,599,
427,756,958,463,653,
215,162,166,218,167,
537,231,224,227,248,
305,997,947,677,328,
741,750,406,611,857,
125,314,124,316,118,
913,980,112,862,832,
289,288,287,290,293,
425,497,912,716,580,
973,983,396,109,107,
115,107,108,112,110,
167,166,212,210,164,
121,122,998,813,929,
562,876,344,435,469,
422,702,602,543,416,
649,853,708,532,634,
993,101,286,291,294,
678,785,419,999,459,
862,747,401,596,879,
311,125,315,113,313,
349,348,350,353,354,
13,10,19,20,16,
179,180,243,245,195,
522,731,523,806,840,
894,493,648,495,892,
989,957,950,988,310,
455,720,551,631,746,
463,647,659,435,809,
660,565,410,634,519,
801,983,397,125,851,
533,452,443,735,591,
761,707,487,605,528,
27,26,25,994,991,
644,470,626,862,542,
208,257,207,222,209,
502,850,865,398,955,
1,29,794,392,973,
246,178,176,236,172,
694,559,821,690,765,
695,507,446,662,673,
798,426,577,635,494,
809,959,925,926,923,
652,413,764,847,981,
257,267,222,258,249,
972,649,970,483,980,
821,718,839,888,694,
421,506,821,718,831,
223,361,478,388,611,
627,772,920,880,843,
918,922,941,526,720,
27,26,32,25,991,
443,928,932,529,774,
92,95,16,133,91,
202,191,348,170,266,
897,651,534,827,848,
612,791,870,603,424,
610,918,411,922,606,
283,233,332,281,260,
881,579,687,401,553,
457,906,465,982,834,
470,503,928,572,982,
426,778,798,826,771,
554,694,510,625,628,
403,744,895,657,847,
531,826,530,635,426,
697,869,617,834,614,
958,595,425,856,730,
48,39,327,43,116,
866,730,856,595,586,
738,580,756,463,883,
718,517,839,821,540,
649,48,792,299,835,
64,55,59,65,47,
69,643,116,71,314,
176,169,172,160,161,
116,5,329,390,65,
469,463,544,618,828,
290,288,293,292,287,
991,996,994,997,993,
591,434,893,549,692,
346,386,385,344,295,
1,393,392,0,973,
607,619,417,530,747,
934,31,943,939,32,
473,550,618,505,647,
966,845,470,512,572,
2,4,3,5,149,
979,483,970,984,975,
654,675,656,569,717,
743,789,905,594,906,
390,397,973,392,329,
642,702,602,880,476,
24,377,380,370,21,
102,334,749,462,840,
949,928,954,950,923,
508,810,878,891,620,
361,230,332,169,552,
280,272,278,277,331,
65,58,53,60,68,
777,623,477,587,784,
359,358,356,360,357,
234,236,214,163,237,
21,22,135,24,8,
7,8,151,355,363,
525,913,972,976,460,
894,598,799,548,453,
938,944,936,937,996,
254,243,242,434,245,
840,702,462,733,616,
707,637,528,778,886,
463,469,968,544,738,
61,62,56,68,66,
887,578,601,689,406,
477,464,597,546,492,
380,377,379,381,370,
982,457,578,614,400,
305,300,302,310,306,
355,160,104,568,365,
503,653,463,901,883,
818,745,866,471,856,
453,648,495,729,493,
472,693,814,625,408,
293,288,290,353,276,
816,911,113,506,679,
171,195,158,151,172,
905,904,738,706,876,
475,837,836,785,162,
481,605,482,848,893,
431,516,520,797,529,
260,259,261,154,244,
130,129,134,128,127,
627,717,436,609,656,
978,972,975,977,460,
622,469,746,633,544,
150,972,385,34,568,
300,303,302,321,319,
37,36,35,33,305,
133,135,142,86,82,
519,637,448,410,428,
569,517,595,867,864,
465,411,543,902,549,
592,662,868,620,481,
741,539,611,887,496,
895,403,913,908,657,
91,80,81,82,86,
109,973,108,646,392,
778,509,865,860,887,
694,913,517,798,830,
546,401,402,819,650,
208,246,206,205,210,
488,616,600,506,695,
776,424,423,401,889,
940,959,923,934,965,
199,233,183,226,266,
701,646,879,600,417,
879,843,796,792,501,
649,825,958,483,972,
228,840,884,462,568,
621,882,870,428,573,
703,428,843,765,830,
107,1,78,117,658,
527,664,782,526,851,
420,819,546,401,402,
132,134,975,129,128,
133,94,91,40,16,
185,186,193,189,192,
471,856,730,866,694,
230,231,259,224,261,
974,980,562,460,437,
74,73,78,989,301,
76,77,119,327,29,
852,574,948,752,519,
853,562,132,355,134,
267,266,265,181,222,
419,929,949,692,934,
359,356,358,357,229,
871,484,914,693,472,
510,536,724,780,517,
33,34,35,37,36,
177,170,276,212,349,
935,928,962,659,910,
310,308,300,75,73,
998,987,954,953,616,
270,269,296,279,258,
598,789,799,851,861,
199,197,252,196,233,
998,987,954,934,953,
395,391,389,490,456,
14,136,92,17,88,
97,98,137,99,975,
856,634,595,866,569,
398,584,507,784,464,
319,311,309,308,599,
549,446,921,478,620,
92,11,16,88,90,
765,877,532,559,843,
840,792,463,428,462,
945,943,941,939,607,
160,226,200,255,231,
266,265,219,267,153,
639,638,433,445,842,
846,619,470,804,406,
722,579,807,822,876,
267,221,233,183,181,
674,845,726,786,763,
468,864,407,734,751,
734,407,627,864,654,
748,893,636,692,549,
675,867,660,757,569,
748,636,414,790,676,
196,183,197,189,198,
677,912,913,716,559,
411,721,591,692,529,
16,20,17,15,13,
199,197,192,201,193,
175,191,170,226,189,
898,883,804,899,720,
944,946,309,738,325,
350,349,348,353,104,
557,728,692,591,735,
361,138,362,275,80,
223,361,370,285,224,
594,583,765,843,835,
999,861,700,731,804,
222,208,257,207,209,
902,774,606,502,676,
734,569,407,654,675,
767,644,629,419,855,
746,795,462,615,981,
788,467,903,865,514,
649,346,344,385,345,
153,203,265,196,266,
739,961,928,666,965,
797,414,728,559,915,
915,410,660,672,580,
940,942,997,114,941,
157,152,232,151,259,
943,939,945,942,949,
849,505,786,619,606,
720,455,441,967,440,
100,99,130,128,97,
546,819,650,402,420,
657,437,744,812,832,
420,558,566,683,432,
141,143,139,98,142,
39,43,42,47,51,
993,221,996,8,991,
473,710,767,626,512,
190,188,194,183,196,
888,718,821,525,975,
143,18,137,128,139,
584,679,772,455,767,
341,539,467,492,519,
875,641,580,513,476,
358,359,356,357,362,
388,850,356,181,358,
894,495,493,789,453,
437,483,460,517,649,
998,987,929,692,533,
517,657,536,744,847,
372,373,294,224,378,
349,348,354,286,350,
662,754,485,848,482,
713,742,662,778,848,
915,425,538,672,412,
964,928,931,923,930,
22,20,21,146,23,
529,516,697,431,680,
416,602,702,880,752,
376,371,373,374,380,
978,147,148,904,975,
902,767,470,720,626,
26,327,329,27,29,
398,522,642,542,644,
175,191,170,189,184,
270,269,296,349,272,
335,330,333,331,104,
850,868,443,496,406,
540,554,536,724,517,
607,530,619,610,920,
495,493,729,453,548,
222,267,258,257,296,
973,983,801,397,393,
576,472,693,449,913,
301,989,304,317,311,
166,167,161,162,238,
56,60,38,67,54,
451,506,464,967,968,
448,483,663,437,497,
744,657,895,908,812,
750,478,587,831,731,
278,277,280,272,279,
9,138,298,353,272,
688,530,508,860,662,
359,377,358,356,357,
684,819,699,401,593,
832,698,663,483,476,
39,46,41,30,32,
175,267,219,212,160,
863,733,645,683,716,
711,868,773,626,710,
697,794,614,411,775,
295,347,294,361,348,
983,913,4,3,2,
345,213,354,347,291,
240,241,238,239,234,
498,675,424,565,900,
223,227,224,174,285,
926,521,909,544,469,
830,672,450,625,612,
260,244,274,200,294,
491,410,621,634,596,
896,876,435,804,794,
220,213,205,219,206,
680,691,971,898,438,
48,43,69,49,51,
494,699,642,541,542,
930,932,934,961,415,
820,565,856,471,833,
148,146,144,145,639,
114,113,94,307,312,
99,97,100,8,134,
143,141,98,99,128,
861,916,678,450,643,
796,643,399,841,501,
986,308,309,310,951,
346,344,345,386,385,
367,381,205,372,295,
943,939,987,998,945,
532,762,566,611,124,
625,407,829,536,510,
611,769,481,848,492,
439,626,470,686,464,
812,657,744,540,682,
705,547,565,820,829,
409,892,442,762,860,
466,833,871,403,628,
781,530,922,510,754,
784,477,813,772,499,
617,982,823,887,869,
679,772,488,714,748,
858,539,884,663,442,
970,537,795,349,172,
437,460,682,668,517,
11,303,25,72,307,
625,536,724,449,554,
965,112,215,189,188,
874,829,654,705,569,
928,470,927,112,969,
600,517,488,843,913,
86,82,85,83,138,
133,135,141,137,136,
33,149,6,397,801,
865,509,580,582,406,
509,582,886,860,454,
325,94,318,311,304,
596,835,726,421,587,
834,982,906,578,457,
506,538,421,545,646,
299,298,356,336,359,
900,755,604,523,437,
904,753,905,313,789,
175,191,188,184,170,
898,728,899,731,696,
258,231,257,232,222,
762,865,424,423,860,
295,297,357,294,367,
132,129,134,131,144,
238,161,217,240,241,
833,913,403,460,628,
690,603,730,345,866,
101,385,386,51,346,
898,899,680,737,804,
162,166,161,164,167,
288,290,293,289,291,
537,450,802,660,760,
850,748,709,911,584,
264,232,195,231,179,
273,272,271,270,269,
987,954,953,582,998,
928,923,962,965,933,
611,868,793,978,433,
837,643,903,641,697,
147,460,913,977,978,
290,288,293,289,287,
730,866,913,609,958,
192,203,199,186,184,
156,152,220,219,157,
875,699,819,513,558,
775,121,428,34,33,
998,987,318,317,315,
333,338,359,443,434,
325,323,322,324,90,
804,896,572,861,435,
927,928,969,809,470,
657,744,471,847,895,
777,499,413,477,764,
460,913,833,437,977,
551,629,631,720,455,
301,304,310,317,303,
716,497,912,437,663,
860,788,848,509,754,
102,334,337,357,85,
791,790,830,516,431,
959,923,940,762,936,
404,895,908,403,405,
998,987,953,310,316,
415,762,424,860,454,
455,451,746,531,679,
172,173,176,242,676,
600,677,421,488,111,
517,540,913,657,744,
16,94,18,13,17,
318,320,319,312,315,
632,482,848,754,481,
568,911,824,735,501,
337,106,330,298,331,
212,169,173,215,176,
348,331,980,349,341,
726,674,710,769,491,
941,940,923,959,926,
605,632,528,470,409,
134,132,129,128,127,
677,310,315,312,113,
293,288,287,290,289,
13,10,11,139,16,
498,743,853,425,716,
951,852,948,952,876,
907,440,737,516,532,
104,280,278,272,276,
107,712,971,773,470,
388,294,378,296,348,
260,244,261,255,256,
682,873,668,698,442,
740,611,587,769,526,
362,361,227,264,230,
579,881,687,401,421,
450,537,795,970,792,
628,694,536,718,460,
217,218,215,220,212,
788,526,566,454,749,
512,600,517,584,812,
209,206,181,178,169,
126,307,71,314,312,
663,442,873,698,497,
864,555,407,867,803,
232,227,231,217,264,
776,558,513,683,541,
942,940,941,945,502,
336,337,106,357,335,
733,978,602,702,557,
916,620,782,664,681,
917,988,25,489,303,
78,73,74,77,75,
698,832,483,73,668,
699,558,401,593,594,
746,795,462,701,615,
39,46,47,40,89,
618,659,828,910,840,
330,331,104,332,335,
615,636,676,414,911,
659,756,441,427,712,
62,61,60,54,56,
116,329,110,69,113,
127,128,129,134,144,
955,956,658,502,951,
306,308,304,302,310,
425,912,449,634,497,
190,202,188,198,229,
370,371,375,134,380,
187,201,185,186,193,
971,815,677,783,562,
534,651,558,614,617,
396,397,115,328,973,
657,812,744,497,517,
840,462,882,621,870,
718,460,536,421,975,
116,69,855,551,901,
786,788,837,424,513,
994,947,995,997,991,
419,999,700,767,434,
865,860,509,454,886,
214,226,205,221,160,
285,282,281,210,171,
641,543,522,747,710,
951,950,948,955,986,
648,760,894,771,786,
13,20,16,137,10,
829,705,874,547,654,
884,406,663,497,741,
216,219,220,212,215,
661,665,603,670,612,
521,809,926,962,910,
268,237,151,158,227,
468,864,817,803,479,
563,767,418,784,696,
529,728,999,692,710,
331,106,335,336,191,
449,425,975,497,437,
194,200,204,175,202,
362,361,356,359,280,
955,987,922,948,952,
924,659,961,928,935,
174,248,250,249,235,
461,883,524,887,794,
992,994,947,991,993,
571,480,886,877,553,
260,244,256,233,283,
608,893,464,459,457,
129,144,128,134,127,
486,889,699,594,432,
859,710,622,759,745,
857,498,687,406,663,
21,83,82,80,81,
467,582,122,499,121,
434,591,748,700,893,
924,965,934,936,933,
516,765,706,703,532,
97,98,99,137,975,
398,855,692,464,711,
586,847,408,864,652,
10,15,13,20,11,
202,192,182,266,204,
68,67,66,60,54,
649,645,483,682,354,
127,85,682,649,141,
603,690,612,345,661,
727,538,668,580,698,
101,385,386,344,51,
995,994,988,991,996,
277,274,278,272,280,
923,964,924,934,965,
239,238,241,240,161,
424,706,634,423,778,
489,912,507,695,743,
434,748,533,893,911,
762,424,423,624,860,
451,846,619,708,572,
569,555,803,864,867,
732,745,759,786,754,
514,502,797,806,728,
803,864,555,660,866,
305,815,32,30,77,
551,767,419,844,696,
753,644,811,729,813,
411,465,459,638,414,
315,325,311,312,324,
963,934,923,930,922,
142,141,99,98,140,
389,0,395,758,394,
450,819,491,802,803,
527,526,782,664,673,
716,839,912,421,915,
299,298,336,104,362,
578,887,689,894,614,
112,397,125,363,117,
107,117,112,126,960,
619,818,846,811,651,
867,675,779,864,660,
227,264,273,253,210,
61,56,60,62,66,
427,756,412,958,653,
367,365,366,379,372,
924,943,939,964,926,
413,652,764,889,420,
327,112,299,329,69,
773,855,838,804,470,
654,757,734,656,407,
131,137,20,135,136,
829,874,779,705,654,
282,281,285,811,761,
891,635,679,455,570,
956,928,809,923,924,
186,187,192,185,193,
233,197,183,198,224,
631,720,969,898,441,
226,160,256,221,267,
673,508,798,767,761,
424,423,762,454,860,
907,440,784,563,966,
41,38,54,44,60,
27,26,25,32,28,
982,578,969,445,902,
863,643,733,417,832,
322,325,946,323,990,
934,121,887,929,552,
663,698,483,668,497,
851,921,782,620,917,
687,698,497,406,884,
779,475,837,836,468,
483,663,497,698,958,
645,843,467,580,456,
120,125,119,308,77,
306,305,304,302,78,
930,961,964,931,567,
124,121,123,467,122,
580,694,815,425,449,
524,406,461,787,715,
205,206,224,177,267,
20,140,141,142,13,
849,725,505,899,901,
620,681,539,611,398,
377,382,380,368,365,
586,847,408,744,652,
916,760,549,605,664,
478,519,492,412,692,
182,191,234,262,189,
829,874,705,654,547,
715,458,406,921,857,
810,681,487,590,528,
319,307,988,948,852,
19,16,13,20,17,
162,166,161,167,785,
915,672,832,469,385,
313,489,428,730,716,
341,830,476,602,865,
822,541,642,401,542,
771,695,743,507,840,
699,832,644,494,844,
406,832,865,898,887,
522,641,430,722,518,
233,189,177,198,170,
406,857,741,556,921,
624,454,453,553,713,
679,488,455,902,506,
667,400,887,355,699,
581,511,436,717,468,
665,670,535,671,518,
708,846,857,532,493,
722,932,968,130,971,
539,843,611,674,594,
800,886,509,860,851,
899,804,896,725,503,
669,431,915,538,411,
81,83,80,86,139,
746,872,462,456,795,
866,730,595,856,803,
935,961,962,659,938,
668,538,832,698,663,
342,295,341,294,297,
893,748,464,457,636,
266,265,186,194,185,
628,536,554,510,540,
923,931,940,987,599,
341,428,843,342,345,
209,294,191,175,221,
727,538,900,668,619,
85,846,448,12,82,
876,435,861,896,648,
192,201,186,203,193,
589,740,684,786,473,
77,79,313,70,26,
129,127,134,130,132,
509,582,454,860,917,
14,311,303,323,94,
946,944,990,328,953,
200,204,226,192,202,
181,266,267,265,188,
163,168,161,165,159,
80,136,86,82,83,
940,942,941,951,953,
684,587,710,563,499,
21,8,82,23,22,
197,198,200,226,233,
25,28,26,304,32,
932,766,415,931,467,
339,603,676,912,515,
480,707,886,840,800,
413,465,652,764,715,
883,619,952,572,725,
454,624,762,860,415,
781,430,478,498,788,
287,286,352,331,353,
714,840,462,46,792,
614,578,982,822,697,
540,554,437,628,694,
887,689,591,614,885,
919,415,762,498,860,
508,398,860,918,611,
479,545,535,818,811,
452,614,515,808,793,
155,204,200,154,202,
41,44,42,38,46,
163,165,168,164,161,
509,786,680,631,606,
8,7,100,199,83,
272,269,276,280,224,
913,718,536,576,628,
663,497,483,698,743,
506,479,412,463,723,
23,128,21,135,136,
982,221,445,267,903,
801,329,983,973,112,
595,856,730,866,958,
753,811,729,859,648,
116,119,329,33,980,
186,184,170,192,193,
448,716,743,919,489,
305,119,125,120,116,
311,312,46,317,40,
323,74,303,72,309,
685,475,785,704,837,
927,928,960,969,415,
91,23,21,82,86,
349,783,66,305,34,
757,675,660,742,410,
406,887,497,562,857,
65,973,329,396,327,
76,77,73,78,74,
517,832,698,405,540,
806,496,735,824,502,
330,331,104,332,353,
7,88,328,616,329,
130,950,88,1,90,
58,50,30,35,26,
56,60,54,68,66,
909,567,746,910,469,
78,71,302,304,73,
31,32,64,59,55,
372,373,370,371,383,
225,235,226,192,255,
431,516,529,452,700,
349,273,276,354,274,
201,187,184,193,191,
930,415,961,931,964,
888,821,525,718,839,
96,93,88,90,145,
612,444,870,879,123,
991,114,395,994,115,
745,759,872,818,570,
310,302,304,307,314,
776,566,513,875,432,
298,150,191,299,363,
619,818,494,846,442,
694,803,537,517,856,
406,497,857,884,887,
20,143,139,81,146,
18,17,93,99,96,
371,376,370,373,380,
320,317,304,326,311,
780,914,724,484,871,
5,677,947,32,997,
730,428,870,803,314,
662,605,844,754,613,
384,105,383,376,382,
810,878,508,742,528,
311,312,315,313,317,
883,725,503,901,427,
367,366,369,373,370,
243,209,246,208,255,
627,834,587,813,785,
968,504,720,725,470,
596,39,50,413,363,
544,412,463,827,469,
893,692,921,446,549,
332,283,333,331,330,
594,776,401,834,500,
276,294,291,106,260,
629,784,845,418,929,
917,921,611,454,692,
77,76,120,124,71,
723,643,808,515,552,
556,446,846,789,741,
998,562,958,975,417,
396,328,116,973,108,
723,721,584,549,496,
161,164,162,166,163,
250,248,249,269,273,
1,393,392,0,29,
919,920,733,415,498,
392,973,393,109,115,
264,232,231,229,217,
847,586,408,744,657,
558,748,683,893,999,
495,648,855,886,860,
463,189,202,181,266,
884,663,873,698,406,
335,280,331,298,336,
795,970,537,802,796,
241,240,164,238,166,
842,916,445,433,638,
71,79,314,126,316,
819,862,980,698,562,
254,243,209,245,242,
27,26,29,28,38,
426,892,409,635,826,
870,444,671,880,665,
433,639,638,775,445,
324,325,322,326,318,
136,133,998,946,987,
688,782,754,664,527,
579,532,698,762,406,
562,854,974,644,698,
335,42,298,674,104,
803,569,561,864,555,
863,733,708,562,682,
44,52,26,41,60,
719,849,469,883,725,
82,86,85,81,16,
361,230,384,368,259,
116,328,108,973,396,
348,343,346,363,83,
194,175,219,229,200,
459,515,470,678,655,
593,558,699,513,683,
9,138,134,355,353,
377,380,374,379,365,
25,28,26,79,27,
913,983,818,819,561,
259,283,154,260,262,
104,298,335,331,330,
72,74,73,815,75,
223,224,227,205,235,
268,104,199,224,181,
333,850,496,259,283,
481,848,662,482,761,
53,52,60,54,58,
784,477,792,499,514,
100,99,9,137,23,
623,683,834,457,264,
133,20,141,136,131,
159,180,179,242,243,
439,652,668,456,400,
151,245,158,268,237,
355,353,354,9,350,
392,393,973,110,115,
577,494,541,778,787,
72,74,73,815,77,
383,384,362,299,371,
846,619,883,572,725,
500,972,979,355,386,
84,109,90,88,973,
988,113,112,125,990,
824,474,911,735,689,
293,288,290,353,354,
411,474,735,824,911,
821,718,839,525,460,
780,914,871,517,484,
649,596,634,792,730,
259,157,263,261,230,
344,346,345,341,354,
132,127,134,129,131,
128,127,144,134,18,
262,154,187,151,193,
210,208,211,178,209,
761,918,508,673,398,
445,638,558,971,629,
138,80,83,81,86,
233,265,252,266,183,
376,850,916,372,851,
619,721,496,907,631,
464,626,855,774,748,
504,960,967,968,441,
559,508,455,646,574,
464,777,584,748,623,
761,613,507,844,622,
314,307,78,312,304,
993,991,996,947,992,
17,16,91,85,18,
759,732,903,837,459,
843,602,702,890,645,
893,721,541,906,787,
331,330,355,353,263,
774,681,508,620,590,
432,683,558,776,764,
778,704,920,480,707,
336,337,372,365,381,
468,779,864,803,874,
489,916,892,549,556,
375,368,370,374,381,
253,263,264,171,162,
215,164,264,247,217,
784,418,473,477,823,
377,380,373,371,370,
878,810,492,398,508,
287,285,283,434,478,
631,838,585,551,692,
442,409,698,873,497,
382,381,380,373,370,
816,641,910,679,855,
628,536,510,832,913,
592,534,481,848,482,
105,583,580,313,428,
233,226,197,265,256,
587,596,792,477,677,
724,780,914,913,540,
207,222,257,208,160,
228,222,203,170,355,
8,7,86,82,81,
962,923,935,937,939,
575,866,561,595,586,
988,955,952,945,971,
420,401,875,776,541,
551,774,443,629,529,
990,11,956,988,943,
141,143,98,136,139,
120,119,125,118,124,
222,296,207,257,208,
118,121,119,124,123,
946,324,325,322,323,
640,455,712,828,971,
464,545,816,589,506,
166,167,162,161,176,
256,244,233,220,200,
986,989,307,74,998,
28,26,25,62,61,
283,332,478,154,377,
671,444,665,870,880,
720,648,631,838,686,
411,496,748,619,443,
80,83,7,86,23,
813,843,558,792,491,
29,26,38,27,44,
606,882,528,710,859,
636,748,414,459,885,
156,219,218,220,215,
91,15,10,92,16,
734,407,468,436,656,
569,867,675,609,660,
458,708,666,835,771,
134,947,992,84,108,
230,231,169,250,249,
274,271,273,272,277,
707,528,800,771,804,
73,74,815,75,77,
928,965,927,924,470,
260,258,257,244,259,
978,977,976,975,460,
767,419,418,855,844,
276,374,278,372,272,
864,717,751,621,866,
764,413,456,877,763,
989,96,950,951,15,
958,666,988,471,634,
698,663,497,406,884,
327,329,115,328,108,
82,86,67,142,85,
88,90,954,89,616,
156,152,215,157,219,
99,97,137,100,98,
448,558,699,683,410,
556,588,619,797,672,
492,642,859,519,827,
771,556,881,894,553,
653,463,899,519,412,
484,780,540,916,914,
269,270,272,248,271,
787,461,541,892,524,
827,811,556,412,851,
107,644,827,688,664,
393,108,973,115,109,
101,386,385,346,345,
654,675,734,569,517,
141,142,137,85,140,
715,524,461,787,490,
906,834,617,457,982,
724,780,540,517,536,
772,600,494,784,828,
516,431,669,529,564,
64,55,59,60,63,
850,865,568,947,996,
310,77,120,75,73,
611,73,599,76,892,
392,973,393,109,390,
509,711,692,898,648,
211,209,207,434,568,
361,496,840,740,882,
115,973,125,5,119,
949,957,927,509,952,
188,181,189,190,169,
652,701,847,354,206,
750,831,564,799,905,
259,283,261,154,230,
294,345,296,291,347,
450,812,473,859,760,
511,436,627,581,817,
477,636,512,777,465,
255,256,244,247,235,
814,408,625,913,978,
819,540,561,510,724,
170,177,182,175,169,
654,407,757,864,867,
850,614,658,457,885,
700,424,680,823,589,
769,761,767,710,714,
743,523,830,652,450,
273,272,270,277,269,
24,377,82,43,94,
463,978,792,977,803,
321,110,114,322,115,
480,707,704,771,886,
331,330,353,138,272,
733,21,22,863,23,
556,884,663,857,406,
481,848,605,692,592,
420,401,541,546,819,
253,171,172,195,180,
216,212,220,215,219,
215,212,173,218,216,
157,152,217,232,155,
333,357,359,356,358,
646,698,562,506,912,
152,155,157,217,188,
426,635,778,826,409,
138,128,86,23,134,
993,996,991,994,995,
351,352,353,134,350,
928,960,927,969,968,
265,266,267,850,153,
830,561,740,625,634,
132,131,135,295,376,
989,13,82,81,15,
319,318,320,73,584,
786,868,748,695,492,
816,911,772,584,591,
334,362,360,106,337,
509,865,582,860,692,
444,870,671,612,970,
155,204,154,200,338,
902,470,720,680,767,
332,496,265,330,700,
483,468,817,984,511,
385,346,690,170,354,
566,776,513,401,875,
173,273,253,227,339,
438,737,898,899,572,
443,411,452,529,748,
632,482,485,754,848,
374,381,377,369,368,
548,495,453,648,851,
552,903,643,461,667,
619,818,846,604,470,
509,582,865,467,762,
451,772,494,813,584,
277,278,280,272,271,
715,652,465,458,764,
629,767,902,626,418,
419,720,898,826,626,
694,554,536,718,724,
709,893,748,767,419,
646,825,611,730,723,
168,184,237,253,159,
125,113,995,328,116,
598,782,664,851,527,
974,980,562,460,975,
147,625,554,540,460,
69,666,116,577,787,
819,818,862,486,546,
11,14,12,10,16,
543,710,422,587,783,
629,711,626,804,631,
127,128,129,134,144,
971,733,707,863,568,
348,349,350,209,294,
912,347,345,346,354,
707,886,412,424,480,
871,484,914,780,833,
77,78,73,74,71,
194,204,200,155,229,
614,399,501,735,841,
186,192,202,184,189,
543,747,422,722,615,
89,81,85,21,99,
423,884,743,500,896,
323,321,322,318,74,
764,921,563,777,623,
970,979,795,672,802,
829,705,874,547,820,
645,733,875,971,890,
767,418,542,710,696,
809,925,618,910,924,
210,246,242,189,197,
732,759,872,622,745,
474,735,490,911,524,
915,489,538,741,854,
628,820,517,403,718,
238,240,241,239,217,
643,824,552,735,911,
977,460,978,913,975,
214,213,165,236,191,
844,771,804,480,999,
717,864,803,867,555,
925,923,809,959,949,
57,54,68,62,66,
658,502,911,806,850,
566,875,513,432,683,
634,832,739,682,708,
245,195,158,151,284,
272,269,271,270,250,
934,962,930,965,963,
791,790,428,703,412,
401,420,481,845,546,
729,493,894,651,495,
505,899,849,846,773,
978,916,701,417,611,
451,887,875,464,513,
637,412,448,492,569,
975,698,449,718,839,
847,586,471,652,744,
873,442,708,682,663,
472,693,625,977,978,
977,978,354,34,701,
926,909,469,567,544,
102,334,134,328,11,
810,878,508,613,590,
710,657,744,720,471,
679,772,584,488,600,
355,354,568,676,345,
643,796,461,714,524,
279,333,356,674,357,
92,376,371,134,86,
792,341,428,961,523,
50,49,141,44,142,
510,718,839,628,547,
850,765,870,63,577,
453,454,620,526,186,
870,880,428,463,416,
748,496,893,721,636,
253,158,173,171,151,
749,644,623,584,767,
754,485,713,848,571,
474,658,452,735,850,
655,958,445,570,578,
261,174,249,248,250,
562,974,554,698,460,
506,679,451,455,584,
289,288,287,290,293,
492,950,910,641,448,
522,456,428,233,179,
425,580,912,984,646,
619,470,846,855,725,
97,99,98,975,145,
469,808,828,909,470,
291,293,292,276,260,
346,350,349,347,348,
809,925,923,959,964,
997,995,947,988,994,
211,159,168,184,213,
896,999,710,876,435,
714,774,837,836,679,
126,314,71,79,312,
492,593,710,481,448,
8,7,86,82,23,
401,546,819,683,699,
72,74,73,815,77,
173,171,158,253,188,
347,958,276,340,346,
662,754,848,482,844,
945,943,952,989,315,
38,42,40,41,27,
919,491,920,448,733,
427,861,519,565,787,
927,924,415,930,969,
185,186,184,207,175,
685,409,826,426,635,
122,123,119,124,125,
660,517,449,756,571,
449,536,975,978,460,
452,434,709,533,591,
178,246,209,211,210,
294,295,298,274,272,
128,127,143,136,141,
645,819,832,456,812,
215,156,218,217,157,
404,405,908,895,812,
840,843,596,792,462,
582,509,580,124,943,
204,155,192,203,193,
756,427,580,738,899,
797,831,721,885,750,
916,922,549,664,921,
151,154,254,155,245,
9,134,127,138,355,
471,730,690,866,856,
857,406,920,827,884,
255,244,226,256,170,
882,650,606,621,613,
569,734,654,864,517,
261,174,260,106,279,
923,61,415,931,56,
950,951,954,952,949,
360,150,356,357,359,
180,158,246,172,179,
843,522,872,602,456,
646,884,501,399,562,
675,660,867,757,705,
563,784,623,777,749,
556,741,827,771,406,
216,212,219,220,175,
925,960,928,923,809,
402,420,546,570,819,
452,796,911,490,735,
129,601,472,879,578,
179,180,195,805,245,
536,460,718,975,913,
314,303,310,302,312,
585,720,767,631,680,
778,896,435,534,876,
747,496,740,700,813,
178,208,209,161,212,
500,972,483,832,884,
483,912,972,825,649,
557,437,460,449,497,
711,581,772,475,875,
611,710,917,741,787,
401,699,776,642,889,
571,866,595,856,730,
621,522,870,655,575,
206,221,209,267,210,
379,364,384,378,89,
5,48,34,298,363,
481,848,482,844,605,
627,511,717,436,479,
333,937,359,338,358,
701,417,405,557,879,
644,767,542,629,710,
364,377,376,103,105,
450,802,518,795,560,
979,970,972,976,975,
203,199,332,188,190,
577,494,730,787,456,
795,970,537,796,792,
266,267,265,219,160,
118,121,119,122,123,
705,565,820,547,660,
565,792,840,693,462,
634,856,596,787,491,
641,457,608,982,459,
310,305,302,75,308,
491,423,597,840,609,
590,487,531,826,477,
492,787,643,496,887,
374,371,370,372,375,
986,945,951,114,989,
75,73,76,74,77,
83,142,138,82,99,
14,11,12,13,90,
945,949,925,112,950,
816,683,558,563,432,
863,652,414,586,905,
318,320,317,319,308,
237,268,211,184,253,
429,574,641,852,722,
269,272,271,270,280,
633,618,512,783,818,
849,505,461,883,725,
150,360,357,344,356,
344,341,385,367,365,
858,497,442,716,483,
45,38,49,50,33,
959,923,940,936,937,
884,497,406,663,687,
333,937,338,359,259,
953,304,301,946,317,
86,82,85,83,99,
155,204,194,262,182,
500,491,634,666,847,
960,928,927,923,962,
257,222,256,244,207,
178,209,211,208,210,
178,210,209,211,208,
274,277,271,273,272,
23,8,21,80,7,
552,643,37,45,309,
147,978,34,148,360,
460,557,920,733,536,
566,875,513,776,774,
74,72,815,73,77,
250,248,249,235,269,
399,549,893,446,614,
281,285,282,330,478,
768,890,805,430,752,
296,279,270,356,299,
77,73,76,74,327,
502,774,600,767,783,
721,750,893,496,885,
310,309,77,308,316,
944,946,936,953,738,
377,380,370,374,24,
825,500,972,483,649,
404,908,895,403,657,
949,868,953,950,943,
16,13,18,82,85,
356,359,358,357,333,
860,509,865,495,454,
750,846,831,619,564,
926,469,909,618,544,
345,51,913,690,347,
957,949,928,927,470,
570,797,518,787,643,
843,570,615,792,704,
430,880,890,486,819,
919,920,468,409,612,
871,484,978,460,780,
54,420,683,67,61,
858,853,425,807,442,
657,847,744,866,595,
930,692,539,419,434,
977,978,975,460,693,
657,744,833,471,812,
526,527,664,681,782,
840,462,784,767,902,
471,847,835,744,657,
303,304,300,307,326,
863,733,448,645,708,
122,124,123,121,314,
664,851,598,611,527,
803,913,561,730,866,
926,809,925,469,544,
365,366,370,372,367,
326,325,322,318,321,
80,23,136,100,83,
217,161,166,167,218,
316,304,120,305,317,
398,868,470,987,922,
517,718,536,913,540,
730,456,652,346,715,
580,428,738,582,778,
149,6,5,801,3,
550,505,827,967,849,
267,221,295,206,256,
845,872,784,517,677,
173,211,253,213,168,
956,944,936,790,938,
213,220,355,184,226,
780,914,724,871,484,
492,471,634,730,463,
437,483,497,858,425,
888,525,718,821,716,
185,186,184,193,192,
12,21,677,377,644,
38,66,5,112,32,
587,763,764,413,740,
998,987,570,691,491,
522,852,940,574,941,
921,917,922,549,446,
890,842,639,433,916,
86,82,85,81,83,
193,187,201,852,185,
502,788,774,509,539,
300,305,310,302,319,
741,868,492,539,857,
262,254,242,245,154,
718,839,821,540,517,
307,304,302,126,305,
526,673,527,742,782,
859,811,766,710,754,
49,50,32,66,68,
658,806,911,584,452,
966,572,441,907,512,
176,172,173,246,159,
831,750,739,568,655,
64,55,60,57,59,
660,412,561,867,571,
370,371,382,373,380,
690,345,603,612,354,
42,66,43,68,38,
403,536,540,833,554,
433,793,903,419,452,
313,315,312,311,40,
138,80,127,128,353,
532,922,868,760,549,
588,463,631,790,529,
646,440,737,682,863,
874,654,555,705,779,
884,663,538,687,619,
645,843,602,557,862,
67,68,66,60,54,
328,108,946,973,334,
109,973,116,390,108,
81,83,80,82,86,
193,187,201,434,700,
15,10,85,82,86,
872,545,786,845,999,
492,634,636,748,710,
398,907,440,543,737,
405,701,833,972,913,
786,861,999,896,688,
423,424,739,731,896,
593,699,420,652,558,
865,509,582,860,917,
65,58,60,56,53,
149,296,150,394,33,
889,456,558,764,645,
585,929,838,898,631,
934,923,965,922,962,
894,648,799,453,548,
454,917,582,467,509,
530,485,754,651,409,
943,939,311,942,940,
559,762,532,743,765,
856,595,866,730,621,
72,74,73,815,77,
921,916,764,917,593,
567,909,813,544,896,
799,706,660,904,716,
687,406,497,698,884,
47,26,318,313,815,
257,222,169,258,208,
766,467,582,499,415,
169,222,177,355,257,
982,578,697,614,834,
889,486,402,763,597,
87,88,89,23,85,
448,449,637,14,494,
851,664,497,782,483,
789,799,905,614,904,
791,790,674,729,830,
185,186,193,192,184,
798,769,318,549,111,
133,138,272,24,83,
352,275,353,276,274,
636,748,414,464,492,
783,677,844,543,422,
352,353,351,211,173,
89,8,81,99,7,
960,923,928,962,314,
139,140,138,10,142,
586,864,847,609,407,
52,44,53,41,26,
254,262,243,163,247,
603,730,856,427,866,
533,443,452,658,893,
365,163,887,562,220,
489,919,791,920,695,
211,159,168,163,209,
32,30,31,68,67,
963,930,962,965,964,
551,711,588,633,446,
906,824,474,452,457,
374,370,375,371,368,
816,677,783,577,494,
951,950,948,582,722,
972,671,600,488,978,
913,724,780,517,536,
671,444,870,518,880,
37,35,36,113,314,
219,220,216,212,217,
669,520,478,794,549,
664,782,851,527,916,
481,848,482,674,732,
327,123,1,121,29,
615,898,813,790,842,
71,79,314,111,126,
330,332,331,333,106,
951,950,952,940,954,
810,878,590,398,401,
829,874,920,555,569,
710,481,593,626,464,
641,584,910,723,813,
171,4,146,114,124,
472,693,977,975,978,
92,313,315,90,136,
579,881,486,559,594,
890,971,645,752,805,
812,618,647,828,687,
840,462,784,767,418,
684,773,641,719,615,
235,225,191,227,174,
520,516,526,184,495,
264,232,231,199,230,
527,782,664,620,526,
979,972,976,970,825,
518,545,417,787,818,
840,644,462,478,674,
548,495,453,598,648,
956,599,944,955,938,
221,568,840,267,233,
548,598,851,453,624,
58,54,65,68,60,
161,162,537,167,247,
157,151,259,158,154,
258,270,248,279,260,
547,705,565,820,829,
862,470,406,607,920,
665,870,444,621,671,
251,246,210,212,179,
53,52,26,60,56,
897,713,742,485,662,
350,331,349,104,330,
66,68,60,111,65,
607,643,619,469,719,
265,266,221,267,850,
264,173,263,250,172,
171,180,172,246,179,
209,206,539,208,179,
272,280,227,276,278,
681,620,527,810,782,
313,315,105,64,52,
470,406,711,631,883,
895,21,23,908,701,
323,321,322,325,318,
861,999,731,804,896,
966,968,572,836,837,
12,82,23,22,24,
361,362,358,334,356,
581,511,436,717,479,
698,743,668,682,624,
105,365,381,379,378,
406,591,721,611,741,
968,463,504,725,647,
114,26,113,304,318,
27,26,42,79,1,
403,628,510,536,540,
740,535,730,507,571,
417,879,668,832,727,
100,99,130,136,97,
692,921,893,454,446,
783,772,784,677,418,
115,107,989,1,110,
779,829,705,408,654,
304,307,303,310,302,
528,707,786,754,859,
31,32,40,46,47,
327,115,328,994,329,
896,804,435,861,876,
299,298,336,383,335,
994,993,992,124,991,
124,122,123,71,314,
387,358,356,277,380,
994,947,997,992,114,
397,390,327,115,5,
979,972,980,764,391,
90,94,303,325,321,
877,561,743,624,412,
16,94,91,20,92,
326,319,320,317,325,
734,675,656,654,407,
711,441,907,440,737,
486,819,889,420,593,
643,518,606,801,584,
527,760,811,827,553,
219,220,191,213,211,
816,911,808,616,600,
78,120,73,119,77,
737,634,898,495,442,
255,256,244,247,235,
311,308,318,316,904,
242,257,202,243,184,
172,354,176,246,178,
304,78,307,308,309,
977,978,913,472,484,
185,219,263,207,204,
776,401,819,513,562,
603,690,345,830,586,
779,705,654,757,874,
556,827,766,611,904,
856,690,866,555,603,
399,887,857,643,501,
265,194,181,266,228,
304,303,317,307,301,
166,161,167,163,162,
930,964,942,415,934,
157,152,154,155,217,
438,550,647,505,899,
227,151,158,237,268,
156,157,215,338,152,
588,790,551,748,774,
599,955,410,951,987,
924,965,962,666,936,
470,532,499,594,623,
475,851,859,504,531,
877,743,561,799,506,
763,740,764,872,447,
809,659,896,968,666,
359,356,357,358,333,
785,597,464,732,414,
927,928,949,960,415,
721,434,885,750,709,
812,833,657,744,895,
642,644,579,881,687,
867,864,569,675,660,
406,698,884,762,497,
785,654,575,799,656,
139,140,10,141,20,
779,468,407,609,751,
39,43,42,298,48,
786,897,745,861,859,
771,507,710,844,732,
884,489,468,829,497,
710,481,848,844,726,
894,453,553,493,648,
170,177,104,169,184,
675,660,703,867,458,
748,679,626,492,777,
762,896,532,424,905,
175,170,213,184,177,
21,23,92,85,138,
631,585,838,883,794,
778,786,492,611,827,
25,28,26,110,115,
884,663,406,687,698,
116,113,109,125,115,
66,38,68,120,41,
860,454,509,865,582,
467,415,582,509,962,
965,923,962,666,809,
923,960,928,925,124,
370,371,380,372,382,
171,172,268,151,158,
936,938,109,973,979,
602,702,456,890,843,
781,557,919,468,489,
562,851,611,664,598,
142,140,141,139,98,
605,481,844,673,662,
894,495,453,519,548,
999,700,720,818,543,
490,777,683,488,432,
306,305,302,304,308,
492,493,881,894,534,
550,473,710,804,818,
761,613,844,528,485,
575,621,595,561,864,
595,730,820,856,611,
583,467,499,775,614,
320,319,318,311,308,
910,813,909,567,809,
210,206,209,179,208,
840,600,792,462,589,
171,172,178,181,246,
798,769,519,593,748,
156,215,218,247,157,
954,582,939,506,943,
101,385,386,366,346,
223,539,224,237,811,
272,330,138,331,348,
729,759,720,889,401,
759,622,732,632,605,
819,642,850,641,880,
87,89,88,24,21,
116,69,126,112,363,
236,165,234,214,676,
554,562,871,694,718,
636,748,790,464,414,
661,866,864,717,555,
211,168,163,159,213,
828,506,650,63,451,
516,431,529,999,700,
719,470,415,443,711,
437,978,483,975,460,
100,99,208,205,360,
538,884,497,892,409,
180,209,179,227,242,
697,416,552,641,529,
916,851,782,664,409,
240,241,238,253,236,
312,311,316,315,314,
634,858,642,410,449,
832,425,460,915,437,
309,322,946,308,325,
685,704,426,409,826,
783,844,677,543,767,
61,62,54,60,66,
998,987,415,954,955,
886,737,582,509,498,
111,390,397,64,392,
756,427,738,463,412,
314,306,317,304,78,
350,349,21,972,348,
719,773,850,865,684,
71,78,74,73,77,
286,291,287,104,290,
588,492,516,519,553,
50,49,489,912,616,
127,134,21,22,132,
670,665,864,575,803,
605,921,626,487,620,
843,517,600,919,491,
877,766,743,480,506,
558,683,699,902,432,
478,591,549,496,692,
251,246,212,210,217,
424,788,423,865,585,
232,169,257,249,217,
895,908,404,701,1,
471,847,657,517,744,
848,754,482,485,662,
959,923,962,963,940,
767,418,769,542,584,
8,7,355,993,184,
690,345,346,603,730,
496,721,411,529,797,
577,345,865,787,897,
407,864,734,654,555,
767,710,696,644,418,
647,438,725,968,463,
399,652,501,715,439,
629,767,626,470,563,
13,10,20,16,12,
407,734,555,654,757,
341,342,268,343,363,
801,327,433,913,921,
738,502,539,580,861,
943,945,939,941,954,
320,319,845,318,300,
810,878,786,401,508,
202,191,184,189,170,
922,692,921,917,549,
262,242,182,243,184,
186,185,189,193,191,
191,184,189,193,182,
380,370,374,382,371,
183,177,268,191,189,
502,803,573,788,942,
46,40,315,313,989,
941,940,942,954,953,
106,348,104,958,336,
900,437,755,604,494,
6,5,397,115,114,
868,954,934,499,922,
247,242,217,215,256,
26,30,58,32,124,
47,92,313,42,311,
505,550,503,899,804,
460,437,974,833,976,
46,40,31,42,38,
604,494,711,846,883,
216,219,215,212,220,
730,600,491,512,584,
798,918,681,549,692,
759,707,732,528,745,
953,117,126,326,79,
930,961,69,114,116,
42,43,39,47,32,
928,499,961,956,112,
908,404,895,812,657,
765,516,532,431,520,
862,734,652,523,627,
283,154,155,204,332,
124,599,123,120,316,
181,188,189,191,267,
386,101,385,51,474,
113,883,309,738,725,
575,661,621,866,670,
689,601,411,568,501,
675,627,660,717,575,
230,263,231,259,249,
994,634,525,491,677,
670,665,621,758,581,
726,666,606,462,502,
415,932,868,931,766,
217,160,212,214,219,
727,538,668,755,562,
886,737,966,440,631,
230,231,157,259,193,
541,542,420,776,822,
732,475,837,447,759,
686,710,626,479,818,
63,363,54,56,52,
547,839,718,565,705,
696,618,584,749,623,
844,732,688,754,662,
344,341,385,367,106,
670,665,870,518,423,
506,808,646,815,522,
546,420,402,889,401,
483,698,403,525,663,
733,557,919,637,410,
120,124,126,125,119,
979,970,663,500,972,
73,74,815,312,311,
292,282,247,163,340,
643,597,788,314,594,
483,663,497,839,525,
982,834,457,516,999,
212,216,176,169,178,
930,961,910,868,618,
406,887,884,385,663,
751,802,408,817,864,
583,827,771,495,896,
265,259,260,193,184,
706,915,879,762,668,
893,709,748,549,692,
467,961,112,348,850,
